[
    [ 45, -1, 23, 10, 36, -12 ],
    [ 45, 3, 23, 15, 35, 3 ],
    [ 45, 3, 23, 15, 35, 3 ],
    [ 45, 3, 23, 15, 35, 3 ],
    [ 45, 14, 34, 26, 45, 14 ],
    [ 45, 13, 33, 25, 46, 13 ],
    [ 45, 14, 34, 26, 45, 14 ],
    [ 45, 3, 23, 15, 35, 3 ],
    [ 45, 13, 33, 25, 46, 13 ],
    [ 45, 14, 34, 26, 45, 14 ],
    [ 45, 13, 33, 25, 46, 13 ],
    [ 45, 3, 23, 15, 35, 3 ],
    [ 45, 14, 34, 26, 45, 14 ],
    [ 45, 13, 33, 25, 46, 13 ],
    [ 45, 3, 23, 15, 35, 3 ],
    [ 45, 14, 34, 26, 45, 14 ],
    [ 45, 3, 23, 15, 35, 3 ],
    [ 45, 13, 33, 25, 46, 13 ],
    [ 45, 3, 23, 15, 35, 3 ],
    [ 45, 13, 33, 25, 46, 13 ],
    [ 45, 14, 34, 26, 45, 14 ],
    [ 45, 13, 33, 25, 46, 13 ],
    [ 45, 14, 34, 26, 45, 14 ],
    [ 45, 3, 23, 15, 35, 3 ],
    [ 45, 14, 34, 26, 45, 14 ],
    [ 45, 13, 33, 25, 46, 13 ],
    [ 45, 3, 23, 15, 35, 3 ]
]
