[
    [ -56, -56, -56, -10, -56, -56 ],
    [ -54, -54, -54, -8, -54, -54 ],
    [ -56, -56, -56, -17, -56, -56 ],
    [ -17, -17, -17, -15, -17, -17 ],
    [ -17, -16, -17, -15, -17, -16 ],
    [ -54, -54, -54, -8, -54, -54 ],
    [ -54, -54, -54, -17, -54, -54 ],
    [ -18, -19, -18, -19, -18, -18 ],
    [ -19, -18, -19, -19, -19, -19 ],
    [ -54, -54, -54, -17, -54, -54 ],
    [ -39, -38, -39, -39, -39, -39 ],
    [ -38, -39, -38, -39, -38, -38 ],
    [ -17, -17, -17, -17, -17, -15 ],
    [ -17, -17, -17, -17, -17, -15 ],
    [ -39, -39, -39, -27, -39, -39 ],
    [ -39, -39, -39, -27, -39, -39 ],
    [ -19, -19, -19, -7, -19, -19 ],
    [ -19, -19, -19, -7, -19, -19 ],
    [ -17, -17, -17, -3, -17, -17 ],
    [ -17, -17, -17, -3, -17, -17 ],
    [ -5, -5, -5, -5, -5, -5 ],
    [ -5, -5, -5, -5, -4, -5 ],
    [ -20, -20, -20, -20, -20, -18 ],
    [ -17, -17, -17, -17, -17, -15 ],
    [ -17, -17, -17, -17, -17, -15 ],
    [ -20, -20, -20, -20, -20, -18 ],
    [ -32, -32, -32, -32, -32, -30 ]
]
