[
    [ 14842, 7323, 7323, 7323, 7323, -143 ],
    [ -45, -142, -142, -142, -142, -141 ],
    [ -45, -142, -142, -142, -142, -141 ],
    [ 7410, 7362, -56, 14792, 7374, 7326 ],
    [ 7410, 7374, 14792, -56, 7362, 7326 ],
    [ 7371, -132, -132, -132, -132, 7285 ],
    [ -57, -57, 7325, 7325, -57, -57 ],
    [ -59, -93, -95, 7321, -95, -129 ],
    [ -59, -95, 7321, -95, -93, -129 ],
    [ -57, -91, 7325, 7325, -91, -125 ],
    [ -79, -115, 7281, -115, -79, -115 ],
    [ -79, -79, -115, 7281, -115, -115 ],
    [ 7361, -105, -105, 7325, 7325, -141 ],
    [ 7361, 7325, 7325, -105, -105, -141 ],
    [ 7353, -164, -164, -164, -164, -163 ],
    [ 7353, -164, -164, -164, -164, -163 ],
    [ 7375, -144, -144, -144, -144, -143 ],
    [ 7375, -144, -144, -144, -144, -143 ],
    [ -45, -93, 7325, 7325, -93, -141 ],
    [ -45, -93, 7325, 7325, -93, -141 ],
    [ -57, -142, -142, -142, -142, -141 ],
    [ -57, -142, -142, -142, -142, -141 ],
    [ 7358, -145, -145, -145, -145, -144 ],
    [ -94, -142, -142, 7288, -130, -178 ],
    [ -94, -130, 7288, -142, -142, -178 ],
    [ -97, -133, 7285, -145, -145, -181 ],
    [ -109, -157, -157, 7273, -145, -193 ]
]
