[
    [ 14, 34, 16, -2, -2, 0 ],
    [ 12, 14, 12, 0, 0, 0 ],
    [ -2, -2, -2, -2, -2, 0 ],
    [ 0, 0, 0, 46, 0, 0 ],
    [ 0, 0, 0, 37, 0, 0 ],
    [ 12, 34, 12, 0, 0, 0 ],
    [ 0, 2, 0, 0, 0, 0 ],
    [ -2, 0, -2, 35, -2, 0 ],
    [ -2, 0, -2, 44, -2, 0 ],
    [ 0, 22, 0, 0, 0, 0 ],
    [ -22, 0, -22, 24, -22, 0 ],
    [ -22, 0, -22, 15, -22, 0 ],
    [ 12, 0, 0, 49, 12, 0 ],
    [ 12, 0, 0, 58, 12, 0 ],
    [ 26, 48, 14, 15, -22, 0 ],
    [ 26, 48, 14, 24, -22, 0 ],
    [ 46, 48, 16, 35, -2, 0 ],
    [ 46, 48, 16, 44, -2, 0 ],
    [ 48, 48, 12, 46, 0, 0 ],
    [ 48, 48, 12, 37, 0, 0 ],
    [ 49, 37, 0, 58, 12, 0 ],
    [ 49, 46, 0, 49, 12, 0 ],
    [ 52, -3, -3, 101, 55, 0 ],
    [ 49, 0, -37, 86, 52, 0 ],
    [ 49, 9, -37, 86, 52, 0 ],
    [ 52, -3, -40, 101, 55, 0 ],
    [ 55, -6, -52, 107, 64, 0 ]
]
