[
    [ 46, -1, 23, 10, 34, -12 ],
    [ 44, 2, 22, 14, 34, 2 ],
    [ 44, 2, 22, 14, 34, 2 ],
    [ 44, 2, 22, 14, 34, 2 ],
    [ 43, 12, 32, 24, 43, 12 ],
    [ 43, 13, 33, 25, 43, 13 ],
    [ 43, 13, 33, 25, 43, 13 ],
    [ 44, 2, 22, 14, 34, 2 ],
    [ 43, 12, 32, 24, 43, 12 ],
    [ 43, 13, 33, 25, 43, 13 ],
    [ 44, 2, 22, 14, 34, 2 ],
    [ 43, 12, 32, 24, 43, 12 ],
    [ 43, 13, 33, 25, 43, 13 ],
    [ 43, 12, 32, 24, 43, 12 ],
    [ 44, 2, 22, 14, 34, 2 ],
    [ 43, 13, 33, 25, 43, 13 ],
    [ 44, 2, 22, 14, 34, 2 ],
    [ 43, 12, 32, 24, 43, 12 ],
    [ 44, 2, 22, 14, 34, 2 ],
    [ 43, 12, 32, 24, 43, 12 ],
    [ 43, 13, 33, 25, 43, 13 ],
    [ 43, 13, 33, 25, 43, 13 ],
    [ 43, 12, 32, 24, 43, 12 ],
    [ 44, 2, 22, 14, 34, 2 ],
    [ 43, 13, 33, 25, 43, 13 ],
    [ 43, 12, 32, 24, 43, 12 ],
    [ 44, 2, 22, 14, 34, 2 ]
]
