[
    [ 0, 0, 0, 0, 0, 0 ],
    [ 40, 0, 20, 10, 30, 0 ],
    [ 123, 0, 102, 12, 114, 0 ],
    [ 41, 0, 20, 10, 30, 0 ],
    [ 56, 11, 34, 22, 52, 0 ],
    [ 133, 10, 111, 22, 124, 0 ],
    [ 56, 11, 34, 22, 46, 0 ],
    [ 48, 0, 25, 13, 38, 0 ],
    [ 58, 10, 35, 23, 53, 0 ],
    [ 134, 11, 111, 23, 125, 0 ],
    [ 58, 10, 35, 22, 47, 0 ],
    [ 48, 0, 25, 12, 37, 0 ],
    [ 138, 11, 111, 29, 127, 0 ],
    [ 138, 10, 111, 28, 128, 0 ],
    [ 129, 0, 102, 18, 120, 0 ],
    [ 86, 11, 56, 23, 68, 0 ],
    [ 75, 0, 45, 12, 57, 0 ],
    [ 85, 10, 55, 22, 67, 0 ],
    [ 114, 0, 84, 12, 96, 0 ],
    [ 124, 10, 94, 22, 106, 0 ],
    [ 125, 11, 95, 23, 107, 0 ],
    [ 91, 10, 55, 28, 73, 0 ],
    [ 131, 11, 95, 29, 113, 0 ],
    [ 81, 0, 45, 18, 63, 0 ],
    [ 92, 11, 56, 29, 74, 0 ],
    [ 130, 10, 94, 28, 112, 0 ],
    [ 120, 0, 84, 18, 102, 0 ]
]
